0 1 81.352
0 2 36.430
0 3 76.865
0 4 17.449
0 5 29.271
1 6 46.938
1 9 69.270
1 28 83.74
2 7 97.875
2 10 49.40
2 29 68.97
3 8 65.506
3 11 26.13
3 30 72.91
4 9 4.9130
4 12 88.62
4 31 95.04
5 10 23.90
5 13 49.31
5 32 31.31
6 16 55.59
7 17 39.01
8 18 3.003
9 19 75.15
10 20 66.8
11 21 44.9
12 22 73.1
13 23 44.9
14 24 39.6
15 25 34.3
16 26 11.6
17 26 25.6
18 26 30.5
19 26 34.8
20 26 2.82
21 26 97.1
22 26 47.6
23 26 10.5
24 26 23.9
25 26 19.2
26 27 8.03
27 28 82.5
27 29 54.3
27 30 33.2
27 31 36.5
27 32 99.4
28 33 74.6
29 33 21.0
30 33 4.85
31 33 18.1
32 33 81.5
