95.241 99.226 80.889 22.681 12.656 46.047 54.663 78.327
70.215 65.352 79.373 12.475 87.575 37.044 20.608 96.969
5.2040 3.3769 84.226 67.091 24.775 62.870 98.283 4.3365
98.388 84.318 37.372 47.914 80.469 72.541 52.307 44.228
77.020 51.630 96.694 97.963 88.287 31.110 61.164 58.438
43.001 85.820 35.929 60.542 64.979 11.227 22.776 40.795
96.225 12.500 8.7579 66.038 24.542 47.865 95.560 44.703
28.262 74.587 50.900 38.818 55.855 39.411 11.284 58.634
3.9692 14.336 19.075 1.1740 43.908 3.3341 21.069 89.017
73.589 35.940 90.619 76.277 39.677 19.619 60.849 14.996
82.942 44.360 72.619 17.091 8.7590 20.190 47.623 4.4821
74.260 81.124 94.374 13.192 13.810 7.5028 42.831 5.9820
95.260 2.7817 82.010 52.457 10.897 10.528 44.177 55.636
59.028 72.710 39.091 39.570 64.813 11.324 92.226 63.927
22.294 61.997 82.043 98.294 13.448 0.3915 3.1087 71.511
74.675 80.080 4.2158 9.4737 36.301 44.027 63.658 88.621
56.462 80.861 67.426 61.710 7.1907 71.876 50.311 57.507
47.534 14.991 44.797 16.669 36.261 17.878 58.086 2.3490
94.969 24.036 63.720 15.968 31.353 72.818 50.999 56.107
71.948 97.213 22.782 81.607 33.819 31.687 70.201 78.766
85.500 36.422 81.473 86.878 8.8603 44.048 61.211 6.4095
75.698 0.2488 46.505 99.728 95.463 0.6128 6.5340 95.598
73.865 22.666 3.5732 25.513 46.023 14.237 75.017 52.493
12.372 27.128 68.385 1.0973 10.714 78.536 24.265 61.172
3.6066 81.747 55.789 17.261 46.699 12.312 17.431 50.612
30.693 66.286 90.824 71.363 57.256 23.021 40.737 64.769
17.543 46.637 10.525 77.203 90.891 47.450 33.023 25.218
70.801 77.513 30.309 84.056 55.519 52.845 63.671 0.8133
11.285 79.045 73.772 81.814 27.803 6.6536 20.234 23.805
37.482 57.987 89.720 94.199 62.707 48.117 92.081 16.883
88.687 69.238 5.2676 86.996 33.358 19.901 61.403 20.589
0.3579 38.382 88.833 43.258 56.290 42.964 37.900 35.555
69.265 90.939 21.851 82.442 82.151 42.879 98.482 19.017
71.022 59.053 3.0374 25.419 56.942 60.802 18.304 0.0701
