0.03080093222561314 -0.02176413266140398 0.07741653464210584
0.02145169199553719 -0.05265795874089176 0.05242993407828616
0.10512350689419399 0.09651362200292768 0.08447045511196805
0.0290778216313701 -0.07896783040510627 0.017962703219034575
0.005276056119584898 -0.034252028300918176 0.02963881064646779
0.054954749056065524 0.036437291695322165 0.014368912537651829
0.0752116074278413 0.006392206247579762 0.05778083648308759
0.09205870469208963 -0.04054235320763265 -0.08931788669003703
0.029046849780466934 0.02509874768765887 0.051086636240678
0.0068321711070883735 -0.017128485841024915 0.03738833420799263
0.044996433283601395 -0.07230019108556461 0.02775190785390439
0.0013886408086640984 -0.0502371726124295 0.007681859860652239
0.03431848889516875 0.001366270817320437 0.025362694945262707
0.023101351033295785 -0.07961220736589875 0.012168400633926976
0.2532803483852177 0.23354744481538386 0.18229111265841066
0.012628534639880432 -0.2046826322463324 0.012655017969402299
0.09536693318723836 0.05086104696930237 0.05463588344554536
0.08343279170455245 0.03332795887483239 0.057415745815347675
0.12171819393808983 0.07764333202047285 0.08525111568357457
0.050851699511292765 0.024884709097625274 0.01986946339341069
0.039234196923939174 -0.059582480775228645 -0.07123702201117307
0.09040626731087913 -0.01848045281978288 0.012494082792221774
0.13055295367909028 0.11857700916267218 0.11817383711052623
0.004342788675742651 -0.1816521062602223 0.017142552645922945
0.08118253082331817 0.025198615363502406 0.04293899543338451
0.037340926807988 -0.012579908811138529 0.027503060021388116
0.0 -0.048043963763262476 -0.08117592333355432
0.0257755919760085 -0.07219438713827298 -0.15172540240067903
0.11560903065774479 0.07516856647029349 0.07923288536674059
0.015497769918137236 -0.11851181765723924 -0.02605791414601297
0.0 -0.0941352266028187 -0.018079889103107937
0.04382875027888543 -0.08878795777098258 0.024033671796205188
0.035896381702020135 -0.01974527563715042 -0.037924651549551644
0.012976922141441131 -0.023946669908508186 0.023449008415496374
0.12008794425977305 0.044549148980702474 0.02935724498078585
0.03098275609701584 -0.040045045291719435 0.025655035402772582
0.015400062680221352 -0.015665065824671205 0.049379591632091144
0.10431444616000354 -0.02983300668205988 -0.05390163282682418
0.03242343564327476 -0.024470502195152687 0.0072671621138159824
0.10565707409832145 0.056818073395223934 0.018397608794611015
0.09064502889876794 0.07189499279675876 0.01096826828638654
0.11439743274178846 0.07411491640838494 0.11675733172194315
0.1062018786833873 0.09762347999779702 0.07950888290689824
0.03251987151350459 -0.049874336216087806 0.0439537706730335
0.08284406523516576 0.059128651438291595 -0.008923328939972995
0.155153746446091 0.11463272166918613 0.14296371593097398
0.06538218697120839 -0.013564096376466168 0.01548523949333013
0.04448381068718687 -0.049707795964381914 -0.08390703826722128
0.009553141892679477 -0.10950365929166572 -0.01105485500510327
0.0 -0.1263283268917183 -0.08931383655486627
